T(1,:) = [0.841470984808 0.452025787178 -0.0618902507187 -0.558764049589 -0.901775319514 -0.996471703572 -0.816777391867 -0.412173415358 0.10592756243 0.594860087716 0.919990597586 0.991790421536 0.790488598102 0.371516051408 -0.149757993128 -0.629794338909 -0.936409095074 -0.985172130819 -0.762655946641 -0.330133100882 0.193295940126 0.663498575096 0.950998745957 0.976629757225 0.733333795829 0.288105386434 -0.236456371969 -0.695906970477 -0.963731056029 -0.966179984371 -0.702579413069 -0.24551498997 0.279154994507 0.726956230085 0.974581158551 0.953843221104 0.670452862972 0.202445092337 -0.321308415524 -0.756585713399 -0.983527862811 -0.939643561646 -0.637016890051 -0.158979810868 0.362834307603 0.784737552786 0.990553695519 0.923608738533 0.602336796176 0.115204035098 -0.403651568918 -0.811356766512 -0.995644934924 -0.905770068454 -0.566480313038 -0.0712032609704 0.443680481632 0.836391366124 0.998791637622 0.886162391086 0.529517469868 0.0270634238598 -0.482842867582 -0.85979245799 -0.999987657969 -0.864824001053 -0.491520456662 0.0171292692632 0.52106224097 0.881514338787 0.999230660086 0.841796573135 0.452563483196 -0.0612885081983 -0.558263957744 -0.901514584762 -0.996522122423 -0.817125080872 -0.412722634089 0.105328048082 0.594375361374 0.919754134589 0.991867334867 0.790857708735 0.372075720205 -0.149161877829 -0.629325924761 -0.936197365653 -0.985275388417 -0.763045758011 -0.330702126688 0.192704388114 0.663047387975 0.950812163629 0.976759157422 0.73374354662 0.288682657917 -0.235870538571 -0.695473891571 -0.963569985198 ];
T(2,:) = [0.454648713413 0.244230575124 -0.0334394451741 -0.301901504429 -0.487231284509 -0.538395959172 -0.441306708207 -0.222698246735 0.0572329062361 0.321404277062 0.497073041253 0.535866651694 0.427102812317 0.200730979243 -0.0809145890093 -0.340279333535 -0.505943993304 -0.532290773959 -0.412064766554 -0.17837167565 0.104438242165 0.358489810065 0.513826815318 0.527675309808 0.396221940858 0.155664004624 -0.127757923012 -0.376000140819 -0.520706111809 -0.522029273439 -0.379605276937 -0.132652315206 0.150828087227 0.39277612738 0.526568447221 0.515363691799 0.36224722784 0.109381550201 -0.173603677802 -0.408785005537 -0.531402372162 -0.507691583052 -0.344181694571 -0.0858971583984 0.196040213046 0.423995509272 0.535198445775 0.49902793115 0.325443959883 0.0622450058087 -0.218093873454 -0.438377931828 -0.537949254166 -0.489389656572 -0.306070619363 -0.0384712860876 0.239721587294 0.451904183725 0.539649424889 0.478795583277 0.286099509967 0.0146224303162 -0.260881114726 -0.46454784762 -0.54029563744 -0.467266401939 -0.265569636116 0.00925498368075 0.281531130297 0.476284229903 0.539886629739 0.454824629537 0.244521093523 -0.0331143223027 -0.301631303652 -0.487090408921 -0.538423200594 -0.441494565378 -0.222994990882 0.0569089872514 0.321142378301 0.49694527975 0.535908208144 0.427302243643 0.201033369584 -0.0805925065388 -0.340026248291 -0.50582959541 -0.532346564277 -0.412275382536 -0.178679121605 0.104118625249 0.358246032623 0.513726004456 0.527745225033 0.396443330154 0.155975905737 -0.127441395876 -0.375766147287 -0.520619084868 ];
T(3,:) = [0.0203308518691 0.000517807387455 -7.08969044302e-05 -0.000640078864809 -0.00103300726532 -0.00114148445539 -0.000935639911287 -0.000472155450947 0.000121342799277 0.000681427822612 0.0010538733438 0.00113612192411 0.000905525408963 0.000425581374855 -0.000171551706499 -0.00072144592303 -0.00107268116303 -0.00112854049862 -0.00087364237718 -0.000378176120321 0.000221425565977 0.000760055009019 0.00108939399053 0.00111875498576 0.00084005308485 0.040176260904 -0.00027086697195 -0.000797179675399 -0.00110397918545 -0.00110678449706 -0.000804823133282 -0.00028124385631 0.00031977936326 0.000832747416124 0.00111640826229 0.00109265241137 0.000768021328063 0.000231906159647 -0.000368067211936 -0.000866688765892 -0.00112665694652 -0.00107638632927 -0.000729719544677 -0.000182115540437 0.000415636209765 0.00089893743581 0.00113470522205 0.0010580180191 0.000689992588128 0.000131969241867 0.0303080657805 -0.00092943044286 -0.00114053737023 -0.00103758335494 -0.000648918046844 -8.15652017809e-05 0.000508247621209 0.000958108232909 0.00114414200065 0.00101512224657 0.000606576141144 3.10018614025e-05 -0.000553109160817 -0.000984914797017 -0.00114551207331 -0.00099067856148 -0.00056304956656 1.96220269236e-05 0.000596890454818 0.00100979778083 0.00114464491239 0.000964300039218 0.000518423332337 -7.02075926006e-05 -0.000639505996492 0.00588139813869 -0.00114154221151 -0.000936038198156 -0.000472784595399 0.000120656039877 0.000680872555882 0.00105360246924 0.00113621003035 0.000905948234867 0.000426222490131 -0.000170868840799 -0.000720909342346 -0.00107243862143 -0.00112865878291 -0.000874088916322 -0.000378827954296 0.000220747927642 0.000759538162345 0.00108918025558 0.00111890321708 0.00084052246512 0.000330693551429 -0.000270195884437 -0.000796683572159 -0.00110379467459 ];
T(4,:) = [0.00720366840177 1.09783343204e-06 -1.5031263321e-07 -1.35706827282e-06 -2.19013853201e-06 -2.42012730537e-06 -1.98370436549e-06 -1.00104411742e-06 2.57265896578e-07 1.44473459306e-06 2.23437791353e-06 2.40875789226e-06 1.91985686497e-06 9.02299721265e-07 -3.63716708744e-07 -1.52957928551e-06 -2.27425346035e-06 -2.39268407297e-06 -1.85225980271e-06 -8.01793095579e-07 4.6945716677e-07 1.61143664484e-06 2.30968729387e-06 2.37193724036e-06 1.78104519865e-06 0.0269806797847 -5.74280755069e-07 -1.69014680017e-06 -2.34061021038e-06 -2.34655791399e-06 -1.70635213792e-06 -5.96281388583e-07 6.77982748755e-07 1.76555602726e-06 2.36696181601e-06 2.31659566062e-06 1.62832649924e-06 4.9167768043e-07 -7.80360613414e-07 -1.83751704869e-06 -2.38869064509e-06 -2.28210899788e-06 -1.54712066993e-06 -3.86113704903e-07 8.81214400791e-07 1.90588932155e-06 2.40575426014e-06 2.24316527963e-06 1.46289324848e-06 2.79795632994e-07 0.0194396541458 -1.97053931183e-06 -2.41811933529e-06 -2.19984056469e-06 -1.3758087346e-06 -1.72931108319e-07 1.077565218e-06 2.0313407555e-06 2.42576172101e-06 2.15221946789e-06 1.28603720797e-06 6.57288418888e-08 -1.17267876634e-06 -2.08817490459e-06 -2.42866649139e-06 -2.10039499545e-06 -1.19375399626e-06 4.16017957079e-08 1.26550202344e-06 2.14093075972e-06 2.42682797331e-06 2.04446836264e-06 1.09913933245e-06 -1.48851183313e-07 -1.3558537015e-06 0.00256079505033 -2.42024975743e-06 -1.98454879653e-06 -1.00237800301e-06 2.55809858186e-07 1.4435573399e-06 2.23380361668e-06 2.40894469137e-06 1.92075332266e-06 9.03658986908e-07 -3.62268925612e-07 -1.52844164973e-06 -2.27373923384e-06 -2.39293485435e-06 -1.85320653622e-06 -8.03175086538e-07 4.68020466489e-07 1.61034084827e-06 2.30923414205e-06 2.3722515142e-06 1.78204035894e-06 7.01122551193e-07 -5.72857943559e-07 -1.68909498299e-06 -2.34021901823e-06 ];
